
;x/y-Pos: -104.75/-266
;Delays 1/Aqu/3/4/dead: 0.4/0.0999936/0/1E-5/0
;Slew Rate Bias/Topo: Infinity/Infinity
;CntAverage/SNR: 1/1e10
time	dz	Bias	df	It_to_PC
+9.999360E-002	+0.000000E+000	-1.000000E+002	-2.919789E+000	-3.846288E-009
+1.999872E-001	+1.181417E-002	-1.000000E+002	-2.873221E+000	-5.850035E-010
+2.999808E-001	+2.362417E-002	-1.000000E+002	-2.775429E+000	-1.651938E-011
+3.999745E-001	+3.543417E-002	-1.000000E+002	-2.705578E+000	-4.019986E-012
+4.999681E-001	+4.724416E-002	-1.000000E+002	-2.659010E+000	-3.790551E-012
+5.999617E-001	+5.905833E-002	-1.000000E+002	-2.626413E+000	-3.718504E-012
+6.999553E-001	+7.086833E-002	-1.000000E+002	-2.603129E+000	-3.775103E-012
+7.999489E-001	+8.267833E-002	-1.000000E+002	-2.586830E+000	-3.833012E-012
+8.999426E-001	+9.448832E-002	-1.000000E+002	-2.572860E+000	-3.833865E-012
+9.999362E-001	+1.063025E-001	-1.000000E+002	-2.558890E+000	-3.831830E-012
+1.099930E+000	+1.181125E-001	-1.000000E+002	-2.547248E+000	-3.877548E-012
+1.199923E+000	+1.299225E-001	-1.000000E+002	-2.535606E+000	-3.973681E-012
+1.299917E+000	+1.417325E-001	-1.000000E+002	-2.528621E+000	-3.973013E-012
+1.399911E+000	+1.535467E-001	-1.000000E+002	-2.521636E+000	-3.951011E-012
+1.499904E+000	+1.653567E-001	-1.000000E+002	-2.514650E+000	-3.989443E-012
+1.599898E+000	+1.771667E-001	-1.000000E+002	-2.507665E+000	-3.998064E-012
+1.699892E+000	+1.889766E-001	-1.000000E+002	-2.507665E+000	-4.040830E-012
+1.799885E+000	+2.007908E-001	-1.000000E+002	-2.498352E+000	-4.181877E-012
+1.899879E+000	+2.126008E-001	-1.000000E+002	-2.491367E+000	-4.139480E-012
+1.999872E+000	+2.244108E-001	-1.000000E+002	-2.484381E+000	-4.084876E-012
+2.099866E+000	+2.362208E-001	-1.000000E+002	-2.479725E+000	-4.059656E-012
+2.199860E+000	+2.480350E-001	-1.000000E+002	-2.479725E+000	-3.910689E-012
+2.299853E+000	+2.598450E-001	-1.000000E+002	-2.472740E+000	-3.995876E-012
+2.399847E+000	+2.716550E-001	-1.000000E+002	-2.463426E+000	-4.082431E-012
+2.499841E+000	+2.834650E-001	-1.000000E+002	-2.463426E+000	-4.031454E-012
+2.599834E+000	+2.952791E-001	-1.000000E+002	-2.456441E+000	-4.028945E-012
+2.699828E+000	+3.070891E-001	-1.000000E+002	-2.454113E+000	-4.046798E-012
+2.799821E+000	+3.188991E-001	-1.000000E+002	-2.456441E+000	-4.118901E-012
+2.899815E+000	+3.307091E-001	-1.000000E+002	-2.447127E+000	-4.205198E-012
+2.999809E+000	+3.425233E-001	-1.000000E+002	-2.442471E+000	-4.195918E-012
+3.099802E+000	+3.543333E-001	-1.000000E+002	-2.430829E+000	-4.161756E-012
+3.199796E+000	+3.661433E-001	-1.000000E+002	-2.435485E+000	-4.160711E-012
+3.299789E+000	+3.779533E-001	-1.000000E+002	-2.430829E+000	-4.367274E-012
+3.399783E+000	+3.897675E-001	-1.000000E+002	-2.416858E+000	-4.389992E-012
+3.499777E+000	+4.015775E-001	-1.000000E+002	-2.423844E+000	-4.366221E-012
+3.599770E+000	+4.133875E-001	-1.000000E+002	-2.414530E+000	-4.303566E-012
+3.699764E+000	+4.251975E-001	-1.000000E+002	-2.412202E+000	-4.285914E-012
+3.799758E+000	+4.370116E-001	-1.000000E+002	-2.409873E+000	-4.374552E-012
+3.899751E+000	+4.488216E-001	-1.000000E+002	-2.416858E+000	-4.367314E-012
+3.999745E+000	+4.606316E-001	-1.000000E+002	-2.395903E+000	-4.434673E-012
+4.099738E+000	+4.724416E-001	-1.000000E+002	-2.416858E+000	-4.475703E-012
+4.199732E+000	+4.842558E-001	-1.000000E+002	-2.405217E+000	-4.425602E-012
+4.299726E+000	+4.960658E-001	-1.000000E+002	-2.374948E+000	-4.443423E-012
+4.399719E+000	+5.078758E-001	-1.000000E+002	-2.374948E+000	-4.449406E-012
+4.499713E+000	+5.196858E-001	-1.000000E+002	-2.395903E+000	-4.489189E-012
+4.599707E+000	+5.315000E-001	-1.000000E+002	-2.384261E+000	-4.450692E-012
+4.699700E+000	+5.433099E-001	-1.000000E+002	-2.388918E+000	-4.407491E-012
+4.799694E+000	+5.551199E-001	-1.000000E+002	-2.386590E+000	-4.327298E-012
+4.899687E+000	+5.669299E-001	-1.000000E+002	-2.374948E+000	-4.272139E-012
+4.999681E+000	+5.787441E-001	-1.000000E+002	-2.391246E+000	-4.272356E-012
+5.099675E+000	+5.905541E-001	-1.000000E+002	-2.360977E+000	-4.222681E-012
+5.199668E+000	+6.023641E-001	-1.000000E+002	-2.347007E+000	-4.090135E-012
+5.299662E+000	+6.141741E-001	-1.000000E+002	-2.353992E+000	-4.112331E-012
+5.399656E+000	+6.259883E-001	-1.000000E+002	-2.363306E+000	-4.161571E-012
+5.499649E+000	+6.377983E-001	-1.000000E+002	-2.367962E+000	-4.198861E-012
+5.599643E+000	+6.496083E-001	-1.000000E+002	-2.328380E+000	-4.200269E-012
+5.699636E+000	+6.614183E-001	-1.000000E+002	-2.358649E+000	-4.172219E-012
+5.799630E+000	+6.732283E-001	-1.000000E+002	-2.358649E+000	-4.180019E-012
+5.899624E+000	+6.850424E-001	-1.000000E+002	-2.321395E+000	-4.204965E-012
+5.999617E+000	+6.968524E-001	-1.000000E+002	-2.372619E+000	-4.221716E-012
+6.099611E+000	+7.086624E-001	-1.000000E+002	-2.330708E+000	-4.260896E-012
+6.199604E+000	+7.204724E-001	-1.000000E+002	-2.330708E+000	-4.323181E-012
+6.299598E+000	+7.322866E-001	-1.000000E+002	-2.395903E+000	-4.344395E-012
+6.399592E+000	+7.440966E-001	-1.000000E+002	-2.291126E+000	-4.329831E-012
+6.499585E+000	+7.559066E-001	-1.000000E+002	-2.363306E+000	-4.417962E-012
+6.599579E+000	+7.677166E-001	-1.000000E+002	-2.305096E+000	-4.381862E-012
+6.699573E+000	+7.795308E-001	-1.000000E+002	-2.298111E+000	-4.360463E-012
+6.799566E+000	+7.913408E-001	-1.000000E+002	-2.342350E+000	-4.315806E-012
+6.899560E+000	+8.031508E-001	-1.000000E+002	-2.402888E+000	-4.199617E-012
+6.999553E+000	+8.149607E-001	-1.000000E+002	-2.395903E+000	-4.234816E-012
+7.099547E+000	+8.267749E-001	-1.000000E+002	-2.349335E+000	-4.182568E-012
+7.199541E+000	+8.385849E-001	-1.000000E+002	-2.351664E+000	-4.172202E-012
+7.299534E+000	+8.503949E-001	-1.000000E+002	-2.337694E+000	-4.140976E-012
+7.399528E+000	+8.622049E-001	-1.000000E+002	-2.419187E+000	-4.150272E-012
+7.499522E+000	+8.740191E-001	-1.000000E+002	-2.319066E+000	-4.240213E-012
+7.599515E+000	+8.858291E-001	-1.000000E+002	-2.197991E+000	-4.247008E-012
+7.699509E+000	+8.976391E-001	-1.000000E+002	-2.307425E+000	-4.286880E-012
+7.799502E+000	+9.094491E-001	-1.000000E+002	-2.237573E+000	-4.317688E-012
+7.899496E+000	+9.212632E-001	-1.000000E+002	-2.298111E+000	-4.217124E-012
+7.999490E+000	+9.330732E-001	-1.000000E+002	-2.321395E+000	-4.290611E-012
+8.099483E+000	+9.448832E-001	-1.000000E+002	-2.272499E+000	-4.383704E-012
+8.199477E+000	+9.566932E-001	-1.000000E+002	-2.319066E+000	-4.249887E-012
+8.299471E+000	+9.685074E-001	-1.000000E+002	-2.263185E+000	-4.332598E-012
+8.399464E+000	+9.803174E-001	-1.000000E+002	-2.270171E+000	-4.285673E-012
+8.499458E+000	+9.921274E-001	-1.000000E+002	-2.267842E+000	-4.274479E-012
+8.599451E+000	+1.003937E+000	-1.000000E+002	-2.302768E+000	-4.209718E-012
+8.699445E+000	+1.015752E+000	-1.000000E+002	-2.284141E+000	-4.165801E-012
+8.799439E+000	+1.027562E+000	-1.000000E+002	-2.244558E+000	-4.109235E-012
+8.899432E+000	+1.039372E+000	-1.000000E+002	-2.281812E+000	-4.074341E-012
+8.999426E+000	+1.051182E+000	-1.000000E+002	-2.409873E+000	-3.957943E-012
+9.099420E+000	+1.062996E+000	-1.000000E+002	-2.228260E+000	-3.992772E-012
+9.199413E+000	+1.074806E+000	-1.000000E+002	-2.307425E+000	-4.076142E-012
+9.299407E+000	+1.086616E+000	-1.000000E+002	-2.277156E+000	-4.056432E-012
+9.399400E+000	+1.098426E+000	-1.000000E+002	-2.218946E+000	-3.945414E-012
+9.499394E+000	+1.110240E+000	-1.000000E+002	-2.293454E+000	-3.971381E-012
+9.599388E+000	+1.122050E+000	-1.000000E+002	-2.307425E+000	-3.901191E-012
+9.699381E+000	+1.133860E+000	-1.000000E+002	-2.298111E+000	-3.937307E-012
+9.799375E+000	+1.145670E+000	-1.000000E+002	-2.237573E+000	-3.907360E-012
+9.899368E+000	+1.157484E+000	-1.000000E+002	-2.221275E+000	-4.025318E-012
+9.999362E+000	+1.169294E+000	-1.000000E+002	-2.246887E+000	-4.038892E-012
+1.009936E+001	+1.181104E+000	-1.000000E+002	-2.351664E+000	-4.054172E-012
+1.019935E+001	+1.192914E+000	-1.000000E+002	-2.263185E+000	-4.077453E-012
+1.029934E+001	+1.204728E+000	-1.000000E+002	-2.244558E+000	-4.094438E-012
+1.039934E+001	+1.216538E+000	-1.000000E+002	-2.263185E+000	-4.100606E-012
+1.049933E+001	+1.228348E+000	-1.000000E+002	-2.197991E+000	-4.106026E-012
+1.059932E+001	+1.240158E+000	-1.000000E+002	-2.184020E+000	-4.028864E-012
+1.069932E+001	+1.251972E+000	-1.000000E+002	-2.225931E+000	-4.033802E-012
+1.079931E+001	+1.263782E+000	-1.000000E+002	-2.137453E+000	-3.944778E-012
+1.089930E+001	+1.275592E+000	-1.000000E+002	-2.193334E+000	-3.967087E-012
+1.099930E+001	+1.287402E+000	-1.000000E+002	-2.216618E+000	-4.010424E-012
+1.109929E+001	+1.299217E+000	-1.000000E+002	-2.230588E+000	-3.957195E-012
+1.119929E+001	+1.311027E+000	-1.000000E+002	-2.179364E+000	-3.867496E-012
+1.129928E+001	+1.322837E+000	-1.000000E+002	-2.256200E+000	-3.851268E-012
+1.139927E+001	+1.334647E+000	-1.000000E+002	-2.211961E+000	-3.848397E-012
+1.149927E+001	+1.346461E+000	-1.000000E+002	-2.188677E+000	-3.938112E-012
+1.159926E+001	+1.358271E+000	-1.000000E+002	-2.146766E+000	-4.004658E-012
+1.169925E+001	+1.370081E+000	-1.000000E+002	-2.263185E+000	-3.977364E-012
+1.179925E+001	+1.381891E+000	-1.000000E+002	-2.207304E+000	-3.972225E-012
+1.189924E+001	+1.393705E+000	-1.000000E+002	-2.284141E+000	-3.981136E-012
+1.199923E+001	+1.405515E+000	-1.000000E+002	-2.184020E+000	-3.990472E-012
+1.209923E+001	+1.417325E+000	-1.000000E+002	-2.258529E+000	-3.985253E-012
+1.219922E+001	+1.429135E+000	-1.000000E+002	-2.069930E+000	-4.014542E-012
+1.229922E+001	+1.440945E+000	-1.000000E+002	-2.177035E+000	-4.047706E-012
+1.239921E+001	+1.452759E+000	-1.000000E+002	-2.095542E+000	-4.092765E-012
+1.249920E+001	+1.464569E+000	-1.000000E+002	-2.121154E+000	-4.127264E-012
+1.259920E+001	+1.476379E+000	-1.000000E+002	-2.116497E+000	-4.201435E-012
+1.269919E+001	+1.488189E+000	-1.000000E+002	-2.181692E+000	-4.145367E-012
+1.279918E+001	+1.500003E+000	-1.000000E+002	-2.232916E+000	-4.120582E-012
